{
 "cells": [
  {
   "cell_type": "code",
   "execution_count": 1,
   "id": "5931fc3a",
   "metadata": {},
   "outputs": [],
   "source": [
    "import pandas as pd\n",
    "import numpy as np\n",
    "import matplotlib.pyplot as plt\n",
    "import seaborn as sns\n",
    "from pandas_profiling import ProfileReport"
   ]
  },
  {
   "cell_type": "code",
   "execution_count": 2,
   "id": "c1c0c2ec",
   "metadata": {},
   "outputs": [],
   "source": [
    "%store -r austria_dl\n",
    "%store -r styria_dl\n",
    "%store -r hungary_dl\n",
    "%store -r gb_dl\n",
    "%store -r gb70_dl\n",
    "%store -r spain_dl\n",
    "%store -r belgium_dl\n",
    "%store -r italy_dl\n",
    "%store -r tuscany_dl\n",
    "%store -r russia_dl\n",
    "%store -r eifel_dl\n",
    "%store -r portugal_dl\n",
    "%store -r er_dl\n",
    "%store -r turkey_dl\n",
    "%store -r bahrain_dl\n",
    "%store -r sakhir_dl\n",
    "%store -r ad_dl"
   ]
  },
  {
   "cell_type": "code",
   "execution_count": 3,
   "id": "7f4523b5",
   "metadata": {},
   "outputs": [],
   "source": [
    "all_races = [austria_dl,\n",
    "styria_dl,\n",
    "hungary_dl,\n",
    "gb_dl,\n",
    "gb70_dl,\n",
    "spain_dl,\n",
    "belgium_dl,\n",
    "italy_dl,\n",
    "tuscany_dl,\n",
    "russia_dl,\n",
    "eifel_dl,\n",
    "portugal_dl,\n",
    "er_dl,\n",
    "turkey_dl,\n",
    "bahrain_dl,\n",
    "sakhir_dl,\n",
    "ad_dl]"
   ]
  },
  {
   "cell_type": "code",
   "execution_count": 4,
   "id": "21e88f5d",
   "metadata": {},
   "outputs": [],
   "source": [
    "def change_values(race):\n",
    "    for col, row in race.iteritems():\n",
    "        if isinstance(row[0], str):\n",
    "            race.loc[race[col] == 'n/a', col] = 0\n",
    "            race.loc[race[col] == 'NC', col] = 0\n",
    "            race.loc[race[col] == 'DNF', col] = 0\n",
    "            \n",
    "def no_NA(race):\n",
    "    race = race.replace(to_replace='n/a',\n",
    "                value='0', inplace=True)\n",
    "    \n",
    "def no_NC(race):\n",
    "    race = race.replace(to_replace='NC',\n",
    "                value='0', inplace=True)\n",
    "    \n",
    "def no_DNF(race):\n",
    "    race = race.replace(to_replace='DNF',\n",
    "                value='0', inplace=True)\n",
    "    \n",
    "def no_DNS(race):\n",
    "    race = race.replace(to_replace='DNS',\n",
    "                value='0', inplace=True)\n",
    "    \n",
    "def no_lap(race):\n",
    "    race = race.replace(to_replace='+1 lap', \n",
    "                value='0', inplace=True)\n",
    "    \n",
    "def no_laps(race):\n",
    "    race = race.replace(to_replace='+2 laps', \n",
    "                value='0', inplace=True)"
   ]
  },
  {
   "cell_type": "code",
   "execution_count": 5,
   "id": "cd791ad9",
   "metadata": {
    "scrolled": true
   },
   "outputs": [],
   "source": [
    "for race in all_races:\n",
    "    no_NA(race)\n",
    "    no_NC(race)\n",
    "    no_DNF(race)\n",
    "    no_DNS(race)\n",
    "    no_lap(race)\n",
    "    no_laps(race)"
   ]
  },
  {
   "cell_type": "code",
   "execution_count": 12,
   "id": "252d7432",
   "metadata": {},
   "outputs": [],
   "source": [
    "NAMES = austria_dl['austria_Driver1']\n",
    "\n",
    "austria_dl.drop(['austria_Driver1', 'austria_Car1'], axis=1, inplace=True)\n",
    "styria_dl.drop(['styria_Driver1', 'styria_Car1'], axis=1, inplace=True)\n",
    "hungary_dl.drop(['hungary_Driver1', 'hungary_Car1'], axis=1, inplace=True)\n",
    "gb_dl.drop(['gb_Driver1', 'gb_Car1'], axis=1, inplace=True)\n",
    "gb70_dl.drop(['gb70_Driver1', 'gb70_Car1'], axis=1, inplace=True)\n",
    "spain_dl.drop(['spain_Driver1', 'spain_Car1'], axis=1, inplace=True)\n",
    "belgium_dl.drop(['belgium_Driver1', 'belgium_Car1'], axis=1, inplace=True)\n",
    "italy_dl.drop(['italy_Driver1', 'italy_Car1'], axis=1, inplace=True)\n",
    "tuscany_dl.drop(['tuscany_Driver1', 'tuscany_Car1'], axis=1, inplace=True)\n",
    "russia_dl.drop(['russia_Driver1', 'russia_Car1'], axis=1, inplace=True)\n",
    "eifel_dl.drop(['eifel_Driver1', 'eifel_Car1'], axis=1, inplace=True)\n",
    "portugal_dl.drop(['portugal_Driver1', 'portugal_Car1'], axis=1, inplace=True)\n",
    "er_dl.drop(['er_Driver1', 'er_Car1'], axis=1, inplace=True)\n",
    "turkey_dl.drop(['turkey_Driver1', 'turkey_Car1'], axis=1, inplace=True)\n",
    "bahrain_dl.drop(['bahrain_Driver1', 'bahrain_Car1'], axis=1, inplace=True)\n",
    "sakhir_dl.drop(['sakhir_Driver1', 'sakhir_Car1'], axis=1, inplace=True)\n",
    "ad_dl.drop(['ad_Driver1', 'ad_Car1'], axis=1, inplace=True)"
   ]
  },
  {
   "cell_type": "code",
   "execution_count": 7,
   "id": "56261fdd",
   "metadata": {
    "scrolled": true
   },
   "outputs": [],
   "source": [
    "# ad_dl.dtypes"
   ]
  },
  {
   "cell_type": "code",
   "execution_count": 8,
   "id": "e363ce12",
   "metadata": {},
   "outputs": [],
   "source": [
    "# test = '+:.s'\n",
    "# gone = lambda x: \"\" if x in \":.+s\" else x\n",
    "# message = filter(gone, test)\n",
    "# \"\".join(message)"
   ]
  },
  {
   "cell_type": "code",
   "execution_count": 9,
   "id": "05ace822",
   "metadata": {},
   "outputs": [],
   "source": [
    "# austria_dl = austria_dl.replace({':':''}, regex=True)\n",
    "# austria_dl = austria_dl.replace({'s':''}, regex=True)\n",
    "# austria_dl = austria_dl.replace({'\\+':''}, regex=True)\n",
    "# austria_dl = austria_dl.replace({'\\.':''}, regex=True)"
   ]
  },
  {
   "cell_type": "code",
   "execution_count": 10,
   "id": "13ccdf9c",
   "metadata": {},
   "outputs": [],
   "source": [
    "# def remove_characters(race):\n",
    "#         race = race.replace({':':''}, regex=True)\n",
    "#         race = race.replace({'s':''}, regex=True)\n",
    "#         race = race.replace({'\\+':''}, regex=True)\n",
    "#         race = race.replace({'\\.':''}, regex=True)"
   ]
  },
  {
   "cell_type": "code",
   "execution_count": 14,
   "id": "3418be1f",
   "metadata": {},
   "outputs": [],
   "source": [
    "austria_dl = austria_dl.replace({':':''}, regex=True)\n",
    "austria_dl = austria_dl.replace({'s':''}, regex=True)\n",
    "austria_dl = austria_dl.replace({'\\+':''}, regex=True)\n",
    "austria_dl = austria_dl.replace({'\\.':''}, regex=True)\n",
    "\n",
    "styria_dl = styria_dl.replace({':':''}, regex=True)\n",
    "styria_dl = styria_dl.replace({'s':''}, regex=True)\n",
    "styria_dl = styria_dl.replace({'\\+':''}, regex=True)\n",
    "styria_dl = styria_dl.replace({'\\.':''}, regex=True)\n",
    "\n",
    "hungary_dl = hungary_dl.replace({':':''}, regex=True)\n",
    "hungary_dl = hungary_dl.replace({'s':''}, regex=True)\n",
    "hungary_dl = hungary_dl.replace({'\\+':''}, regex=True)\n",
    "hungary_dl = hungary_dl.replace({'\\.':''}, regex=True)\n",
    "\n",
    "gb_dl = gb_dl.replace({':':''}, regex=True)\n",
    "gb_dl = gb_dl.replace({'s':''}, regex=True)\n",
    "gb_dl = gb_dl.replace({'\\+':''}, regex=True)\n",
    "gb_dl = gb_dl.replace({'\\.':''}, regex=True)\n",
    "\n",
    "gb70_dl = gb70_dl.replace({':':''}, regex=True)\n",
    "gb70_dl = gb70_dl.replace({'s':''}, regex=True)\n",
    "gb70_dl = gb70_dl.replace({'\\+':''}, regex=True)\n",
    "gb70_dl = gb70_dl.replace({'\\.':''}, regex=True)\n",
    "\n",
    "spain_dl = spain_dl.replace({':':''}, regex=True)\n",
    "spain_dl = spain_dl.replace({'s':''}, regex=True)\n",
    "spain_dl = spain_dl.replace({'\\+':''}, regex=True)\n",
    "spain_dl = spain_dl.replace({'\\.':''}, regex=True)\n",
    "\n",
    "belgium_dl = belgium_dl.replace({':':''}, regex=True)\n",
    "belgium_dl = belgium_dl.replace({'s':''}, regex=True)\n",
    "belgium_dl = belgium_dl.replace({'\\+':''}, regex=True)\n",
    "belgium_dl = belgium_dl.replace({'\\.':''}, regex=True)\n",
    "\n",
    "italy_dl = italy_dl.replace({':':''}, regex=True)\n",
    "italy_dl = italy_dl.replace({'s':''}, regex=True)\n",
    "italy_dl = italy_dl.replace({'\\+':''}, regex=True)\n",
    "italy_dl = italy_dl.replace({'\\.':''}, regex=True)\n",
    "\n",
    "tuscany_dl = tuscany_dl.replace({':':''}, regex=True)\n",
    "tuscany_dl = tuscany_dl.replace({'s':''}, regex=True)\n",
    "tuscany_dl = tuscany_dl.replace({'\\+':''}, regex=True)\n",
    "tuscany_dl = tuscany_dl.replace({'\\.':''}, regex=True)\n",
    "\n",
    "russia_dl = russia_dl.replace({':':''}, regex=True)\n",
    "russia_dl = russia_dl.replace({'s':''}, regex=True)\n",
    "russia_dl = russia_dl.replace({'\\+':''}, regex=True)\n",
    "russia_dl = russia_dl.replace({'\\.':''}, regex=True)\n",
    "\n",
    "eifel_dl = eifel_dl.replace({':':''}, regex=True)\n",
    "eifel_dl = eifel_dl.replace({'s':''}, regex=True)\n",
    "eifel_dl = eifel_dl.replace({'\\+':''}, regex=True)\n",
    "eifel_dl = eifel_dl.replace({'\\.':''}, regex=True)\n",
    "\n",
    "portugal_dl = portugal_dl.replace({':':''}, regex=True)\n",
    "portugal_dl = portugal_dl.replace({'s':''}, regex=True)\n",
    "portugal_dl = portugal_dl.replace({'\\+':''}, regex=True)\n",
    "portugal_dl = portugal_dl.replace({'\\.':''}, regex=True)\n",
    "\n",
    "er_dl = er_dl.replace({':':''}, regex=True)\n",
    "er_dl = er_dl.replace({'s':''}, regex=True)\n",
    "er_dl = er_dl.replace({'\\+':''}, regex=True)\n",
    "er_dl = er_dl.replace({'\\.':''}, regex=True)\n",
    "\n",
    "turkey_dl = turkey_dl.replace({':':''}, regex=True)\n",
    "turkey_dl = turkey_dl.replace({'s':''}, regex=True)\n",
    "turkey_dl = turkey_dl.replace({'\\+':''}, regex=True)\n",
    "turkey_dl = turkey_dl.replace({'\\.':''}, regex=True)\n",
    "\n",
    "bahrain_dl = bahrain_dl.replace({':':''}, regex=True)\n",
    "bahrain_dl = bahrain_dl.replace({'s':''}, regex=True)\n",
    "bahrain_dl = bahrain_dl.replace({'\\+':''}, regex=True)\n",
    "bahrain_dl = bahrain_dl.replace({'\\.':''}, regex=True)\n",
    "\n",
    "sakhir_dl = sakhir_dl.replace({':':''}, regex=True)\n",
    "sakhir_dl = sakhir_dl.replace({'s':''}, regex=True)\n",
    "sakhir_dl = sakhir_dl.replace({'\\+':''}, regex=True)\n",
    "sakhir_dl = sakhir_dl.replace({'\\.':''}, regex=True)\n",
    "\n",
    "ad_dl = ad_dl.replace({':':''}, regex=True)\n",
    "ad_dl = ad_dl.replace({'s':''}, regex=True)\n",
    "ad_dl = ad_dl.replace({'\\+':''}, regex=True)\n",
    "ad_dl = ad_dl.replace({'\\.':''}, regex=True)"
   ]
  },
  {
   "cell_type": "code",
   "execution_count": 18,
   "id": "3c92e2a9",
   "metadata": {},
   "outputs": [],
   "source": [
    "def no_5lap(race):\n",
    "    race = race.replace(to_replace='5 lap', \n",
    "                value='0', inplace=True)\n",
    "\n",
    "no_5lap(hungary_dl)"
   ]
  },
  {
   "cell_type": "code",
   "execution_count": 19,
   "id": "e2222147",
   "metadata": {},
   "outputs": [],
   "source": [
    "austria_dl = austria_dl.astype(int)\n",
    "styria_dl = styria_dl.astype(int)\n",
    "hungary_dl = hungary_dl.astype(int)\n",
    "gb_dl = gb_dl.astype(int)\n",
    "gb70_dl = gb70_dl.astype(int)\n",
    "spain_dl = spain_dl.astype(int)\n",
    "belgium_dl = belgium_dl.astype(int)\n",
    "italy_dl = italy_dl.astype(int)\n",
    "tuscany_dl = tuscany_dl.astype(int)\n",
    "russia_dl = russia_dl.astype(int)\n",
    "eifel_dl = eifel_dl.astype(int)\n",
    "portugal_dl = portugal_dl.astype(int)\n",
    "er_dl = er_dl.astype(int)\n",
    "turkey_dl = turkey_dl.astype(int)\n",
    "bahrain_dl = bahrain_dl.astype(int)\n",
    "sakhir_dl = sakhir_dl.astype(int)\n",
    "ad_dl = ad_dl.astype(int)"
   ]
  },
  {
   "cell_type": "code",
   "execution_count": 20,
   "id": "65225983",
   "metadata": {
    "scrolled": true
   },
   "outputs": [],
   "source": [
    "def drop_racetime(race):\n",
    "    race.drop(race.columns[[-3, -2]], axis=1, inplace=True)\n",
    "    \n",
    "drop_racetime(austria_dl)"
   ]
  },
  {
   "cell_type": "code",
   "execution_count": 21,
   "id": "f72fa08e",
   "metadata": {},
   "outputs": [],
   "source": [
    "drop_racetime(styria_dl)\n",
    "drop_racetime(hungary_dl)\n",
    "drop_racetime(gb_dl)\n",
    "drop_racetime(gb70_dl)\n",
    "drop_racetime(spain_dl)\n",
    "drop_racetime(belgium_dl)\n",
    "drop_racetime(italy_dl)\n",
    "drop_racetime(tuscany_dl)\n",
    "drop_racetime(russia_dl)\n",
    "drop_racetime(eifel_dl)\n",
    "drop_racetime(portugal_dl)\n",
    "drop_racetime(er_dl)\n",
    "drop_racetime(turkey_dl)\n",
    "drop_racetime(bahrain_dl)\n",
    "drop_racetime(sakhir_dl)\n",
    "drop_racetime(ad_dl)"
   ]
  },
  {
   "cell_type": "code",
   "execution_count": 22,
   "id": "b4d0ace0",
   "metadata": {},
   "outputs": [],
   "source": [
    "all_races = [austria_dl,\n",
    "styria_dl,\n",
    "hungary_dl,\n",
    "gb_dl,\n",
    "gb70_dl,\n",
    "spain_dl,\n",
    "belgium_dl,\n",
    "italy_dl,\n",
    "tuscany_dl,\n",
    "russia_dl,\n",
    "eifel_dl,\n",
    "portugal_dl,\n",
    "er_dl,\n",
    "turkey_dl,\n",
    "bahrain_dl,\n",
    "sakhir_dl,\n",
    "ad_dl]"
   ]
  },
  {
   "cell_type": "code",
   "execution_count": 23,
   "id": "7973c9cb",
   "metadata": {
    "scrolled": true
   },
   "outputs": [
    {
     "data": {
      "text/html": [
       "<div>\n",
       "<style scoped>\n",
       "    .dataframe tbody tr th:only-of-type {\n",
       "        vertical-align: middle;\n",
       "    }\n",
       "\n",
       "    .dataframe tbody tr th {\n",
       "        vertical-align: top;\n",
       "    }\n",
       "\n",
       "    .dataframe thead th {\n",
       "        text-align: right;\n",
       "    }\n",
       "</style>\n",
       "<table border=\"1\" class=\"dataframe\">\n",
       "  <thead>\n",
       "    <tr style=\"text-align: right;\">\n",
       "      <th></th>\n",
       "      <th>austria_Pos1</th>\n",
       "      <th>austria_Pos2</th>\n",
       "      <th>austria_Pos3</th>\n",
       "      <th>austria_PosQ</th>\n",
       "      <th>austria_PosRR</th>\n",
       "      <th>austria_PTS_RR</th>\n",
       "    </tr>\n",
       "  </thead>\n",
       "  <tbody>\n",
       "    <tr>\n",
       "      <th>austria_Pos1</th>\n",
       "      <td>1.000000</td>\n",
       "      <td>0.760902</td>\n",
       "      <td>0.715789</td>\n",
       "      <td>0.843609</td>\n",
       "      <td>0.226426</td>\n",
       "      <td>-0.556530</td>\n",
       "    </tr>\n",
       "    <tr>\n",
       "      <th>austria_Pos2</th>\n",
       "      <td>0.760902</td>\n",
       "      <td>1.000000</td>\n",
       "      <td>0.798496</td>\n",
       "      <td>0.816541</td>\n",
       "      <td>0.116585</td>\n",
       "      <td>-0.537381</td>\n",
       "    </tr>\n",
       "    <tr>\n",
       "      <th>austria_Pos3</th>\n",
       "      <td>0.715789</td>\n",
       "      <td>0.798496</td>\n",
       "      <td>1.000000</td>\n",
       "      <td>0.914286</td>\n",
       "      <td>0.054920</td>\n",
       "      <td>-0.545759</td>\n",
       "    </tr>\n",
       "    <tr>\n",
       "      <th>austria_PosQ</th>\n",
       "      <td>0.843609</td>\n",
       "      <td>0.816541</td>\n",
       "      <td>0.914286</td>\n",
       "      <td>1.000000</td>\n",
       "      <td>0.124293</td>\n",
       "      <td>-0.633128</td>\n",
       "    </tr>\n",
       "    <tr>\n",
       "      <th>austria_PosRR</th>\n",
       "      <td>0.226426</td>\n",
       "      <td>0.116585</td>\n",
       "      <td>0.054920</td>\n",
       "      <td>0.124293</td>\n",
       "      <td>1.000000</td>\n",
       "      <td>-0.164261</td>\n",
       "    </tr>\n",
       "    <tr>\n",
       "      <th>austria_PTS_RR</th>\n",
       "      <td>-0.556530</td>\n",
       "      <td>-0.537381</td>\n",
       "      <td>-0.545759</td>\n",
       "      <td>-0.633128</td>\n",
       "      <td>-0.164261</td>\n",
       "      <td>1.000000</td>\n",
       "    </tr>\n",
       "  </tbody>\n",
       "</table>\n",
       "</div>"
      ],
      "text/plain": [
       "                austria_Pos1  austria_Pos2  austria_Pos3  austria_PosQ  \\\n",
       "austria_Pos1        1.000000      0.760902      0.715789      0.843609   \n",
       "austria_Pos2        0.760902      1.000000      0.798496      0.816541   \n",
       "austria_Pos3        0.715789      0.798496      1.000000      0.914286   \n",
       "austria_PosQ        0.843609      0.816541      0.914286      1.000000   \n",
       "austria_PosRR       0.226426      0.116585      0.054920      0.124293   \n",
       "austria_PTS_RR     -0.556530     -0.537381     -0.545759     -0.633128   \n",
       "\n",
       "                austria_PosRR  austria_PTS_RR  \n",
       "austria_Pos1         0.226426       -0.556530  \n",
       "austria_Pos2         0.116585       -0.537381  \n",
       "austria_Pos3         0.054920       -0.545759  \n",
       "austria_PosQ         0.124293       -0.633128  \n",
       "austria_PosRR        1.000000       -0.164261  \n",
       "austria_PTS_RR      -0.164261        1.000000  "
      ]
     },
     "execution_count": 23,
     "metadata": {},
     "output_type": "execute_result"
    }
   ],
   "source": [
    "one = austria_dl[['austria_Pos1', 'austria_Pos2', 'austria_Pos3','austria_PosQ', 'austria_PosRR', 'austria_PTS_RR']]\n",
    "austria_dl[['austria_Pos1', 'austria_Pos2', 'austria_Pos3','austria_PosQ', 'austria_PosRR', 'austria_PTS_RR']].corr()"
   ]
  },
  {
   "cell_type": "code",
   "execution_count": 24,
   "id": "fb014ef8",
   "metadata": {},
   "outputs": [
    {
     "data": {
      "text/html": [
       "<div>\n",
       "<style scoped>\n",
       "    .dataframe tbody tr th:only-of-type {\n",
       "        vertical-align: middle;\n",
       "    }\n",
       "\n",
       "    .dataframe tbody tr th {\n",
       "        vertical-align: top;\n",
       "    }\n",
       "\n",
       "    .dataframe thead th {\n",
       "        text-align: right;\n",
       "    }\n",
       "</style>\n",
       "<table border=\"1\" class=\"dataframe\">\n",
       "  <thead>\n",
       "    <tr style=\"text-align: right;\">\n",
       "      <th></th>\n",
       "      <th>styria_Pos1</th>\n",
       "      <th>styria_Pos2</th>\n",
       "      <th>styria_PosQ</th>\n",
       "      <th>styria_PosRR</th>\n",
       "      <th>styria_PTS_RR</th>\n",
       "    </tr>\n",
       "  </thead>\n",
       "  <tbody>\n",
       "    <tr>\n",
       "      <th>styria_Pos1</th>\n",
       "      <td>1.000000</td>\n",
       "      <td>0.253571</td>\n",
       "      <td>0.049055</td>\n",
       "      <td>-0.010703</td>\n",
       "      <td>-0.489860</td>\n",
       "    </tr>\n",
       "    <tr>\n",
       "      <th>styria_Pos2</th>\n",
       "      <td>0.253571</td>\n",
       "      <td>1.000000</td>\n",
       "      <td>0.671849</td>\n",
       "      <td>0.617219</td>\n",
       "      <td>-0.471165</td>\n",
       "    </tr>\n",
       "    <tr>\n",
       "      <th>styria_PosQ</th>\n",
       "      <td>0.049055</td>\n",
       "      <td>0.671849</td>\n",
       "      <td>1.000000</td>\n",
       "      <td>0.689379</td>\n",
       "      <td>-0.446237</td>\n",
       "    </tr>\n",
       "    <tr>\n",
       "      <th>styria_PosRR</th>\n",
       "      <td>-0.010703</td>\n",
       "      <td>0.617219</td>\n",
       "      <td>0.689379</td>\n",
       "      <td>1.000000</td>\n",
       "      <td>-0.394153</td>\n",
       "    </tr>\n",
       "    <tr>\n",
       "      <th>styria_PTS_RR</th>\n",
       "      <td>-0.489860</td>\n",
       "      <td>-0.471165</td>\n",
       "      <td>-0.446237</td>\n",
       "      <td>-0.394153</td>\n",
       "      <td>1.000000</td>\n",
       "    </tr>\n",
       "  </tbody>\n",
       "</table>\n",
       "</div>"
      ],
      "text/plain": [
       "               styria_Pos1  styria_Pos2  styria_PosQ  styria_PosRR  \\\n",
       "styria_Pos1       1.000000     0.253571     0.049055     -0.010703   \n",
       "styria_Pos2       0.253571     1.000000     0.671849      0.617219   \n",
       "styria_PosQ       0.049055     0.671849     1.000000      0.689379   \n",
       "styria_PosRR     -0.010703     0.617219     0.689379      1.000000   \n",
       "styria_PTS_RR    -0.489860    -0.471165    -0.446237     -0.394153   \n",
       "\n",
       "               styria_PTS_RR  \n",
       "styria_Pos1        -0.489860  \n",
       "styria_Pos2        -0.471165  \n",
       "styria_PosQ        -0.446237  \n",
       "styria_PosRR       -0.394153  \n",
       "styria_PTS_RR       1.000000  "
      ]
     },
     "execution_count": 24,
     "metadata": {},
     "output_type": "execute_result"
    }
   ],
   "source": [
    "two = styria_dl[['styria_Pos1', 'styria_Pos2', 'styria_PosQ', 'styria_PosRR', 'styria_PTS_RR']]\n",
    "styria_dl[['styria_Pos1', 'styria_Pos2', 'styria_PosQ', 'styria_PosRR', 'styria_PTS_RR']].corr()"
   ]
  },
  {
   "cell_type": "code",
   "execution_count": 25,
   "id": "607e27c8",
   "metadata": {},
   "outputs": [
    {
     "data": {
      "text/html": [
       "<div>\n",
       "<style scoped>\n",
       "    .dataframe tbody tr th:only-of-type {\n",
       "        vertical-align: middle;\n",
       "    }\n",
       "\n",
       "    .dataframe tbody tr th {\n",
       "        vertical-align: top;\n",
       "    }\n",
       "\n",
       "    .dataframe thead th {\n",
       "        text-align: right;\n",
       "    }\n",
       "</style>\n",
       "<table border=\"1\" class=\"dataframe\">\n",
       "  <thead>\n",
       "    <tr style=\"text-align: right;\">\n",
       "      <th></th>\n",
       "      <th>hungary_Pos1</th>\n",
       "      <th>hungary_Pos2</th>\n",
       "      <th>hungary_Pos3</th>\n",
       "      <th>hungary_PosQ</th>\n",
       "      <th>hungary_PosRR</th>\n",
       "      <th>hungary_PTS_RR</th>\n",
       "    </tr>\n",
       "  </thead>\n",
       "  <tbody>\n",
       "    <tr>\n",
       "      <th>hungary_Pos1</th>\n",
       "      <td>1.000000</td>\n",
       "      <td>0.278795</td>\n",
       "      <td>0.406356</td>\n",
       "      <td>0.357699</td>\n",
       "      <td>0.464680</td>\n",
       "      <td>-0.468613</td>\n",
       "    </tr>\n",
       "    <tr>\n",
       "      <th>hungary_Pos2</th>\n",
       "      <td>0.278795</td>\n",
       "      <td>1.000000</td>\n",
       "      <td>0.535065</td>\n",
       "      <td>0.522078</td>\n",
       "      <td>0.460274</td>\n",
       "      <td>-0.093677</td>\n",
       "    </tr>\n",
       "    <tr>\n",
       "      <th>hungary_Pos3</th>\n",
       "      <td>0.406356</td>\n",
       "      <td>0.535065</td>\n",
       "      <td>1.000000</td>\n",
       "      <td>0.954545</td>\n",
       "      <td>0.774575</td>\n",
       "      <td>-0.550078</td>\n",
       "    </tr>\n",
       "    <tr>\n",
       "      <th>hungary_PosQ</th>\n",
       "      <td>0.357699</td>\n",
       "      <td>0.522078</td>\n",
       "      <td>0.954545</td>\n",
       "      <td>1.000000</td>\n",
       "      <td>0.745644</td>\n",
       "      <td>-0.577309</td>\n",
       "    </tr>\n",
       "    <tr>\n",
       "      <th>hungary_PosRR</th>\n",
       "      <td>0.464680</td>\n",
       "      <td>0.460274</td>\n",
       "      <td>0.774575</td>\n",
       "      <td>0.745644</td>\n",
       "      <td>1.000000</td>\n",
       "      <td>-0.626341</td>\n",
       "    </tr>\n",
       "    <tr>\n",
       "      <th>hungary_PTS_RR</th>\n",
       "      <td>-0.468613</td>\n",
       "      <td>-0.093677</td>\n",
       "      <td>-0.550078</td>\n",
       "      <td>-0.577309</td>\n",
       "      <td>-0.626341</td>\n",
       "      <td>1.000000</td>\n",
       "    </tr>\n",
       "  </tbody>\n",
       "</table>\n",
       "</div>"
      ],
      "text/plain": [
       "                hungary_Pos1  hungary_Pos2  hungary_Pos3  hungary_PosQ  \\\n",
       "hungary_Pos1        1.000000      0.278795      0.406356      0.357699   \n",
       "hungary_Pos2        0.278795      1.000000      0.535065      0.522078   \n",
       "hungary_Pos3        0.406356      0.535065      1.000000      0.954545   \n",
       "hungary_PosQ        0.357699      0.522078      0.954545      1.000000   \n",
       "hungary_PosRR       0.464680      0.460274      0.774575      0.745644   \n",
       "hungary_PTS_RR     -0.468613     -0.093677     -0.550078     -0.577309   \n",
       "\n",
       "                hungary_PosRR  hungary_PTS_RR  \n",
       "hungary_Pos1         0.464680       -0.468613  \n",
       "hungary_Pos2         0.460274       -0.093677  \n",
       "hungary_Pos3         0.774575       -0.550078  \n",
       "hungary_PosQ         0.745644       -0.577309  \n",
       "hungary_PosRR        1.000000       -0.626341  \n",
       "hungary_PTS_RR      -0.626341        1.000000  "
      ]
     },
     "execution_count": 25,
     "metadata": {},
     "output_type": "execute_result"
    }
   ],
   "source": [
    "three = hungary_dl[['hungary_Pos1', 'hungary_Pos2', 'hungary_Pos3','hungary_PosQ', 'hungary_PosRR', 'hungary_PTS_RR']]\n",
    "hungary_dl[['hungary_Pos1', 'hungary_Pos2', 'hungary_Pos3','hungary_PosQ', 'hungary_PosRR', 'hungary_PTS_RR']].corr()"
   ]
  },
  {
   "cell_type": "code",
   "execution_count": 26,
   "id": "244e0abc",
   "metadata": {},
   "outputs": [
    {
     "data": {
      "text/html": [
       "<div>\n",
       "<style scoped>\n",
       "    .dataframe tbody tr th:only-of-type {\n",
       "        vertical-align: middle;\n",
       "    }\n",
       "\n",
       "    .dataframe tbody tr th {\n",
       "        vertical-align: top;\n",
       "    }\n",
       "\n",
       "    .dataframe thead th {\n",
       "        text-align: right;\n",
       "    }\n",
       "</style>\n",
       "<table border=\"1\" class=\"dataframe\">\n",
       "  <thead>\n",
       "    <tr style=\"text-align: right;\">\n",
       "      <th></th>\n",
       "      <th>gb_Pos1</th>\n",
       "      <th>gb_Pos2</th>\n",
       "      <th>gb_Pos3</th>\n",
       "      <th>gb_PosQ</th>\n",
       "      <th>gb_PosRR</th>\n",
       "      <th>gb_PTS_RR</th>\n",
       "    </tr>\n",
       "  </thead>\n",
       "  <tbody>\n",
       "    <tr>\n",
       "      <th>gb_Pos1</th>\n",
       "      <td>1.000000</td>\n",
       "      <td>0.705263</td>\n",
       "      <td>0.783459</td>\n",
       "      <td>0.736842</td>\n",
       "      <td>0.567046</td>\n",
       "      <td>-0.640874</td>\n",
       "    </tr>\n",
       "    <tr>\n",
       "      <th>gb_Pos2</th>\n",
       "      <td>0.705263</td>\n",
       "      <td>1.000000</td>\n",
       "      <td>0.679699</td>\n",
       "      <td>0.607519</td>\n",
       "      <td>0.133745</td>\n",
       "      <td>-0.274490</td>\n",
       "    </tr>\n",
       "    <tr>\n",
       "      <th>gb_Pos3</th>\n",
       "      <td>0.783459</td>\n",
       "      <td>0.679699</td>\n",
       "      <td>1.000000</td>\n",
       "      <td>0.930827</td>\n",
       "      <td>0.434084</td>\n",
       "      <td>-0.570461</td>\n",
       "    </tr>\n",
       "    <tr>\n",
       "      <th>gb_PosQ</th>\n",
       "      <td>0.736842</td>\n",
       "      <td>0.607519</td>\n",
       "      <td>0.930827</td>\n",
       "      <td>1.000000</td>\n",
       "      <td>0.455983</td>\n",
       "      <td>-0.686224</td>\n",
       "    </tr>\n",
       "    <tr>\n",
       "      <th>gb_PosRR</th>\n",
       "      <td>0.567046</td>\n",
       "      <td>0.133745</td>\n",
       "      <td>0.434084</td>\n",
       "      <td>0.455983</td>\n",
       "      <td>1.000000</td>\n",
       "      <td>-0.526749</td>\n",
       "    </tr>\n",
       "    <tr>\n",
       "      <th>gb_PTS_RR</th>\n",
       "      <td>-0.640874</td>\n",
       "      <td>-0.274490</td>\n",
       "      <td>-0.570461</td>\n",
       "      <td>-0.686224</td>\n",
       "      <td>-0.526749</td>\n",
       "      <td>1.000000</td>\n",
       "    </tr>\n",
       "  </tbody>\n",
       "</table>\n",
       "</div>"
      ],
      "text/plain": [
       "            gb_Pos1   gb_Pos2   gb_Pos3   gb_PosQ  gb_PosRR  gb_PTS_RR\n",
       "gb_Pos1    1.000000  0.705263  0.783459  0.736842  0.567046  -0.640874\n",
       "gb_Pos2    0.705263  1.000000  0.679699  0.607519  0.133745  -0.274490\n",
       "gb_Pos3    0.783459  0.679699  1.000000  0.930827  0.434084  -0.570461\n",
       "gb_PosQ    0.736842  0.607519  0.930827  1.000000  0.455983  -0.686224\n",
       "gb_PosRR   0.567046  0.133745  0.434084  0.455983  1.000000  -0.526749\n",
       "gb_PTS_RR -0.640874 -0.274490 -0.570461 -0.686224 -0.526749   1.000000"
      ]
     },
     "execution_count": 26,
     "metadata": {},
     "output_type": "execute_result"
    }
   ],
   "source": [
    "four = gb_dl[['gb_Pos1', 'gb_Pos2', 'gb_Pos3','gb_PosQ', 'gb_PosRR', 'gb_PTS_RR']]\n",
    "gb_dl[['gb_Pos1', 'gb_Pos2', 'gb_Pos3','gb_PosQ', 'gb_PosRR', 'gb_PTS_RR']].corr()"
   ]
  },
  {
   "cell_type": "code",
   "execution_count": 27,
   "id": "b2efb30b",
   "metadata": {},
   "outputs": [
    {
     "data": {
      "text/html": [
       "<div>\n",
       "<style scoped>\n",
       "    .dataframe tbody tr th:only-of-type {\n",
       "        vertical-align: middle;\n",
       "    }\n",
       "\n",
       "    .dataframe tbody tr th {\n",
       "        vertical-align: top;\n",
       "    }\n",
       "\n",
       "    .dataframe thead th {\n",
       "        text-align: right;\n",
       "    }\n",
       "</style>\n",
       "<table border=\"1\" class=\"dataframe\">\n",
       "  <thead>\n",
       "    <tr style=\"text-align: right;\">\n",
       "      <th></th>\n",
       "      <th>gb70_Pos1</th>\n",
       "      <th>gb70_Pos2</th>\n",
       "      <th>gb70_Pos3</th>\n",
       "      <th>gb70_PosQ</th>\n",
       "      <th>gb70_PosRR</th>\n",
       "      <th>gb70_PTS_RR</th>\n",
       "    </tr>\n",
       "  </thead>\n",
       "  <tbody>\n",
       "    <tr>\n",
       "      <th>gb70_Pos1</th>\n",
       "      <td>1.000000</td>\n",
       "      <td>0.270130</td>\n",
       "      <td>0.429870</td>\n",
       "      <td>0.348052</td>\n",
       "      <td>0.251178</td>\n",
       "      <td>-0.669837</td>\n",
       "    </tr>\n",
       "    <tr>\n",
       "      <th>gb70_Pos2</th>\n",
       "      <td>0.270130</td>\n",
       "      <td>1.000000</td>\n",
       "      <td>0.871429</td>\n",
       "      <td>0.927273</td>\n",
       "      <td>0.648329</td>\n",
       "      <td>-0.584326</td>\n",
       "    </tr>\n",
       "    <tr>\n",
       "      <th>gb70_Pos3</th>\n",
       "      <td>0.429870</td>\n",
       "      <td>0.871429</td>\n",
       "      <td>1.000000</td>\n",
       "      <td>0.861039</td>\n",
       "      <td>0.657534</td>\n",
       "      <td>-0.576652</td>\n",
       "    </tr>\n",
       "    <tr>\n",
       "      <th>gb70_PosQ</th>\n",
       "      <td>0.348052</td>\n",
       "      <td>0.927273</td>\n",
       "      <td>0.861039</td>\n",
       "      <td>1.000000</td>\n",
       "      <td>0.660164</td>\n",
       "      <td>-0.586518</td>\n",
       "    </tr>\n",
       "    <tr>\n",
       "      <th>gb70_PosRR</th>\n",
       "      <td>0.251178</td>\n",
       "      <td>0.648329</td>\n",
       "      <td>0.657534</td>\n",
       "      <td>0.660164</td>\n",
       "      <td>1.000000</td>\n",
       "      <td>-0.629275</td>\n",
       "    </tr>\n",
       "    <tr>\n",
       "      <th>gb70_PTS_RR</th>\n",
       "      <td>-0.669837</td>\n",
       "      <td>-0.584326</td>\n",
       "      <td>-0.576652</td>\n",
       "      <td>-0.586518</td>\n",
       "      <td>-0.629275</td>\n",
       "      <td>1.000000</td>\n",
       "    </tr>\n",
       "  </tbody>\n",
       "</table>\n",
       "</div>"
      ],
      "text/plain": [
       "             gb70_Pos1  gb70_Pos2  gb70_Pos3  gb70_PosQ  gb70_PosRR  \\\n",
       "gb70_Pos1     1.000000   0.270130   0.429870   0.348052    0.251178   \n",
       "gb70_Pos2     0.270130   1.000000   0.871429   0.927273    0.648329   \n",
       "gb70_Pos3     0.429870   0.871429   1.000000   0.861039    0.657534   \n",
       "gb70_PosQ     0.348052   0.927273   0.861039   1.000000    0.660164   \n",
       "gb70_PosRR    0.251178   0.648329   0.657534   0.660164    1.000000   \n",
       "gb70_PTS_RR  -0.669837  -0.584326  -0.576652  -0.586518   -0.629275   \n",
       "\n",
       "             gb70_PTS_RR  \n",
       "gb70_Pos1      -0.669837  \n",
       "gb70_Pos2      -0.584326  \n",
       "gb70_Pos3      -0.576652  \n",
       "gb70_PosQ      -0.586518  \n",
       "gb70_PosRR     -0.629275  \n",
       "gb70_PTS_RR     1.000000  "
      ]
     },
     "execution_count": 27,
     "metadata": {},
     "output_type": "execute_result"
    }
   ],
   "source": [
    "five = gb70_dl[['gb70_Pos1', 'gb70_Pos2', 'gb70_Pos3','gb70_PosQ', 'gb70_PosRR', 'gb70_PTS_RR']]\n",
    "gb70_dl[['gb70_Pos1', 'gb70_Pos2', 'gb70_Pos3','gb70_PosQ', 'gb70_PosRR', 'gb70_PTS_RR']].corr()"
   ]
  },
  {
   "cell_type": "code",
   "execution_count": 28,
   "id": "3391a1a4",
   "metadata": {},
   "outputs": [
    {
     "data": {
      "text/html": [
       "<div>\n",
       "<style scoped>\n",
       "    .dataframe tbody tr th:only-of-type {\n",
       "        vertical-align: middle;\n",
       "    }\n",
       "\n",
       "    .dataframe tbody tr th {\n",
       "        vertical-align: top;\n",
       "    }\n",
       "\n",
       "    .dataframe thead th {\n",
       "        text-align: right;\n",
       "    }\n",
       "</style>\n",
       "<table border=\"1\" class=\"dataframe\">\n",
       "  <thead>\n",
       "    <tr style=\"text-align: right;\">\n",
       "      <th></th>\n",
       "      <th>spain_Pos1</th>\n",
       "      <th>spain_Pos2</th>\n",
       "      <th>spain_Pos3</th>\n",
       "      <th>spain_PosQ</th>\n",
       "      <th>spain_PosRR</th>\n",
       "      <th>spain_PTS_RR</th>\n",
       "    </tr>\n",
       "  </thead>\n",
       "  <tbody>\n",
       "    <tr>\n",
       "      <th>spain_Pos1</th>\n",
       "      <td>1.000000</td>\n",
       "      <td>0.231169</td>\n",
       "      <td>0.272727</td>\n",
       "      <td>0.259740</td>\n",
       "      <td>0.289315</td>\n",
       "      <td>-0.570564</td>\n",
       "    </tr>\n",
       "    <tr>\n",
       "      <th>spain_Pos2</th>\n",
       "      <td>0.231169</td>\n",
       "      <td>1.000000</td>\n",
       "      <td>0.889610</td>\n",
       "      <td>0.718182</td>\n",
       "      <td>0.711452</td>\n",
       "      <td>-0.530987</td>\n",
       "    </tr>\n",
       "    <tr>\n",
       "      <th>spain_Pos3</th>\n",
       "      <td>0.272727</td>\n",
       "      <td>0.889610</td>\n",
       "      <td>1.000000</td>\n",
       "      <td>0.896104</td>\n",
       "      <td>0.890302</td>\n",
       "      <td>-0.653015</td>\n",
       "    </tr>\n",
       "    <tr>\n",
       "      <th>spain_PosQ</th>\n",
       "      <td>0.259740</td>\n",
       "      <td>0.718182</td>\n",
       "      <td>0.896104</td>\n",
       "      <td>1.000000</td>\n",
       "      <td>0.919233</td>\n",
       "      <td>-0.698089</td>\n",
       "    </tr>\n",
       "    <tr>\n",
       "      <th>spain_PosRR</th>\n",
       "      <td>0.289315</td>\n",
       "      <td>0.711452</td>\n",
       "      <td>0.890302</td>\n",
       "      <td>0.919233</td>\n",
       "      <td>1.000000</td>\n",
       "      <td>-0.629916</td>\n",
       "    </tr>\n",
       "    <tr>\n",
       "      <th>spain_PTS_RR</th>\n",
       "      <td>-0.570564</td>\n",
       "      <td>-0.530987</td>\n",
       "      <td>-0.653015</td>\n",
       "      <td>-0.698089</td>\n",
       "      <td>-0.629916</td>\n",
       "      <td>1.000000</td>\n",
       "    </tr>\n",
       "  </tbody>\n",
       "</table>\n",
       "</div>"
      ],
      "text/plain": [
       "              spain_Pos1  spain_Pos2  spain_Pos3  spain_PosQ  spain_PosRR  \\\n",
       "spain_Pos1      1.000000    0.231169    0.272727    0.259740     0.289315   \n",
       "spain_Pos2      0.231169    1.000000    0.889610    0.718182     0.711452   \n",
       "spain_Pos3      0.272727    0.889610    1.000000    0.896104     0.890302   \n",
       "spain_PosQ      0.259740    0.718182    0.896104    1.000000     0.919233   \n",
       "spain_PosRR     0.289315    0.711452    0.890302    0.919233     1.000000   \n",
       "spain_PTS_RR   -0.570564   -0.530987   -0.653015   -0.698089    -0.629916   \n",
       "\n",
       "              spain_PTS_RR  \n",
       "spain_Pos1       -0.570564  \n",
       "spain_Pos2       -0.530987  \n",
       "spain_Pos3       -0.653015  \n",
       "spain_PosQ       -0.698089  \n",
       "spain_PosRR      -0.629916  \n",
       "spain_PTS_RR      1.000000  "
      ]
     },
     "execution_count": 28,
     "metadata": {},
     "output_type": "execute_result"
    }
   ],
   "source": [
    "six = spain_dl[['spain_Pos1', 'spain_Pos2', 'spain_Pos3','spain_PosQ', 'spain_PosRR', 'spain_PTS_RR']]\n",
    "spain_dl[['spain_Pos1', 'spain_Pos2', 'spain_Pos3','spain_PosQ', 'spain_PosRR', 'spain_PTS_RR']].corr()"
   ]
  },
  {
   "cell_type": "code",
   "execution_count": 29,
   "id": "883c07b9",
   "metadata": {},
   "outputs": [
    {
     "data": {
      "text/html": [
       "<div>\n",
       "<style scoped>\n",
       "    .dataframe tbody tr th:only-of-type {\n",
       "        vertical-align: middle;\n",
       "    }\n",
       "\n",
       "    .dataframe tbody tr th {\n",
       "        vertical-align: top;\n",
       "    }\n",
       "\n",
       "    .dataframe thead th {\n",
       "        text-align: right;\n",
       "    }\n",
       "</style>\n",
       "<table border=\"1\" class=\"dataframe\">\n",
       "  <thead>\n",
       "    <tr style=\"text-align: right;\">\n",
       "      <th></th>\n",
       "      <th>belgium_Pos1</th>\n",
       "      <th>belgium_Pos2</th>\n",
       "      <th>belgium_Pos3</th>\n",
       "      <th>belgium_PosQ</th>\n",
       "      <th>belgium_PosRR</th>\n",
       "      <th>belgium_PTS_RR</th>\n",
       "    </tr>\n",
       "  </thead>\n",
       "  <tbody>\n",
       "    <tr>\n",
       "      <th>belgium_Pos1</th>\n",
       "      <td>1.000000</td>\n",
       "      <td>0.849624</td>\n",
       "      <td>0.818045</td>\n",
       "      <td>0.926316</td>\n",
       "      <td>0.437212</td>\n",
       "      <td>-0.721365</td>\n",
       "    </tr>\n",
       "    <tr>\n",
       "      <th>belgium_Pos2</th>\n",
       "      <td>0.849624</td>\n",
       "      <td>1.000000</td>\n",
       "      <td>0.792481</td>\n",
       "      <td>0.915789</td>\n",
       "      <td>0.634310</td>\n",
       "      <td>-0.751372</td>\n",
       "    </tr>\n",
       "    <tr>\n",
       "      <th>belgium_Pos3</th>\n",
       "      <td>0.818045</td>\n",
       "      <td>0.792481</td>\n",
       "      <td>1.000000</td>\n",
       "      <td>0.818045</td>\n",
       "      <td>0.404363</td>\n",
       "      <td>-0.762174</td>\n",
       "    </tr>\n",
       "    <tr>\n",
       "      <th>belgium_PosQ</th>\n",
       "      <td>0.926316</td>\n",
       "      <td>0.915789</td>\n",
       "      <td>0.818045</td>\n",
       "      <td>1.000000</td>\n",
       "      <td>0.604589</td>\n",
       "      <td>-0.814986</td>\n",
       "    </tr>\n",
       "    <tr>\n",
       "      <th>belgium_PosRR</th>\n",
       "      <td>0.437212</td>\n",
       "      <td>0.634310</td>\n",
       "      <td>0.404363</td>\n",
       "      <td>0.604589</td>\n",
       "      <td>1.000000</td>\n",
       "      <td>-0.527271</td>\n",
       "    </tr>\n",
       "    <tr>\n",
       "      <th>belgium_PTS_RR</th>\n",
       "      <td>-0.721365</td>\n",
       "      <td>-0.751372</td>\n",
       "      <td>-0.762174</td>\n",
       "      <td>-0.814986</td>\n",
       "      <td>-0.527271</td>\n",
       "      <td>1.000000</td>\n",
       "    </tr>\n",
       "  </tbody>\n",
